15468
16093
16255
19327
30185
17032
30225
30253
25062
30222
34016
30153
16681
15350
16556
25684
16545
16691
16861
15821
30009
18226
18214
17304
25338
15823
19000
30221
30254
15281
16782
25312
7204
25340
30179
17030
17176
16368
30223
15652
16096
15335
18729
6577
20104
25850
17370
15887
18628
19404
16991
15025
17229
18721
18863
18637
30271
6791
15999
16833
30282
16521
16860
17583
17734
16338
34116
30000
15270
15765
16216
17200
25664
25945
7110
15683
6850
17492
18561
15333
15888
16863
19376
15573
16186
6792
17392
30126
17092
16692
18225
18351
25336
17899
30100
15825
16594
16767
30255
16267
16476
15341
17495
17754
30150
30079
30283
15317
7074
17773
16592
30281
6693
15542
16816
16072
16376
18909
16384
27171
34112
17022
25337
16099
15576
16109
18032
19615
15597
25341
16994
26011
19682
15844
17701
17688
17594
16272
17035
30092
16859
16018
16769
16961
30178
17359
18487
30206
30093
15810
17191
18632
7083
17995
30069
17258
17038
25018
15695
19178
16576
6344
11550
16561
15448
15746
18976
26891
15109
27088
16283
17071
21000
26002
34144
15167
15595
16806
17025
25662
15190
16107
25372
34017
16275
30033
7170
15269
15344
16652
25666
30176
30274
19105
30128
16943
17072
18600
25658
15159
6546
18841
30149
15090
17952
18439
16942
17166
20110
34113
16386
16858
30107
15153
18605
17169
19355
17132
16878
30109
26004
16684
17382
17737
17020
26045
17735
16312
16374
30129
19562
15456
17698
16688
30106
15356
16850
18224
15811
16549
17400
18526
16792
30247
6173
15419
16569
16668
27089
16370
15604
18698
15902
19149
16988
15265
15338
19068
30186
17280
18489
25168
15958
15133
34064
18714
15863
6939
15943
18948
15089
16865
25868
17955
30181
16620
30067
15849
19179
17965
15482
17228
15611
17753
30288
16001
25993
16373
25421
16385
16649
15568
18558
17429
18551
19329
17079
18263
20082
16498
25665
30199
16298
16336
19684
16154
15885
15889
16089
16807
17273
15700
16656
20051
19312
15819
16348
18777
15829
15891
16926
15324
26046
15491
18337
19952
16352
17192
16372
34114
26860
15882
16632
26963
6363
18227
30226
16640
7227
15890
16382
17345
17272
18037
16443
16694
17008
25165
15339
15739
15791
17739
15850
16051
17026
25339
16998
16934
18661
17371
15701
18987
16978
16364
15063
15603
15665
16808
30091
16727
15598
25839
15462
18051
25537
15674
19148
19328
16795
11017
16805
16491
16353
18438
16560
19299
30249
16375
17611
17017
15632
15661
17175
16214
25071
25612
15343
26003
17809
18469
18492
19709
15585
18098
6929
26802
15139
18496
34061
15074
26044
15750
16486
16390
17750
20001
16647
20103
19541
15476
17031
19104
17086
16669
34072
7092
15258
15334
30089
16997
18560
16794
16819
17039
16377
18468
16371
16810
18569
27053
30098
20111
17036
15002
18735
30034
18053
16686
15127
16674
15320
18917
30011
17393
15100
15916
17207
16979
16490
16557
7191
16238
19314
15721
16251
25611
18869
16178
30220
16999
15203
17021
17148
25587
18540
17971
16102
16790
16064
16155
17736
16264
16347
17323
