18558
18560
18561
18600
18721
18605
18628
18632
18637
18661
18698
18714
18721
18729
18735
18777
18841
18863
18869
18909
18917
18976
18987
19000
19068
19104
19105
19148
19149
19178
19179
19299
19327
19376
19404
19541
19562
19615
19682
19684
19952
20001
20051
20082
20103
20104
21000
25018
25062
25071
25165
25168
25312
25336
25337
25338
25339
25340
25341
25372
25421
25537
25587
25611
25612
25658
25662
25664
25665
25666
25684
25839
25850
25868
25945
25993
26002
26003
26004
26044
26045
26046
26802
26860
26963
30098
30100
30000
30009
30011
30033
30034
30067
30069
30079
30089
30100
30126
30128
30129
30149
30150
30153
30178
30179
30185
30186
30199
30220
30221
6693
6791
34016
34017
34061
34064
34072
34114
6577
6693
6929
6939
7083
7092
7170
7191
